2000 499 2
0 22411
0 52949
1 49259
1 63705
2 13890
2 41332
3 71227
3 35563
4 75901
4 81404
5 26400
5 75593
6 46865
6 73391
7 94074
7 15204
8 44668
8 45718
9 97567
9 28402
10 74329
10 76772
11 43002
11 84930
12 53552
12 57318
13 35553
13 59885
14 5583
14 59885
15 18632
15 82308
16 74953
16 46814
17 45718
17 19043
18 53748
18 56537
19 13275
19 68527
20 68428
20 44844
21 23471
21 14819
22 41799
22 80091
23 73391
23 56607
24 44899
24 81214
25 32526
25 99641
26 4843
26 81214
27 99471
27 62123
28 66511
28 17305
29 51337
29 84607
30 49541
30 73391
31 73391
31 26200
32 18632
32 20747
33 37987
33 30905
34 44365
34 78403
35 74122
35 24567
36 57465
36 51643
37 20747
37 11254
38 67513
38 36542
39 61446
39 65920
40 78139
40 93060
41 71353
41 33247
42 29747
42 74953
43 70344
43 41944
44 57318
44 26860
45 28574
45 5063
46 34376
46 60196
47 14745
47 95886
48 97699
48 55169
49 30582
49 71353
50 57465
50 56971
51 74329
51 3146
52 26860
52 61220
53 49177
53 16360
54 99571
54 49541
55 3152
55 80552
56 90417
56 85462
57 78139
57 74329
58 11254
58 12119
59 38373
59 10231
60 70344
60 81743
61 23463
61 28986
62 99471
62 49541
63 33076
63 16236
64 61919
64 39053
65 96276
65 47731
66 11254
66 17305
67 18869
67 99239
68 12029
68 43535
69 34171
69 75407
70 74158
70 12759
71 74158
71 9074
72 35745
72 81404
73 37491
73 54350
74 90873
74 6154
75 38298
75 63861
76 96276
76 93860
77 37987
77 76410
78 12063
78 71993
79 80598
79 22073
80 37491
80 93060
81 76568
81 93607
82 37965
82 72415
83 59740
83 87785
84 72797
84 12119
85 53161
85 21805
86 29068
86 18632
87 47490
87 38298
88 3152
88 29068
89 16360
89 96276
90 36729
90 30426
91 83727
91 74953
92 41261
92 74559
93 26894
93 58834
94 75764
94 3514
95 21782
95 82308
96 80687
96 97567
97 30494
97 72081
98 20699
98 86765
99 96805
99 43002
100 11716
100 39411
101 63109
101 274
102 83207
102 5583
103 57732
103 23471
104 2439
104 53614
105 13617
105 74559
106 51643
106 99471
107 96420
107 56482
108 48202
108 10847
109 73524
109 88524
110 26563
110 49579
111 2439
111 54959
112 83734
112 48331
113 18044
113 3090
114 56452
114 39910
115 88594
115 50554
116 28986
116 83207
117 53816
117 76712
118 88524
118 88087
119 35174
119 36542
120 48513
120 65427
121 43542
121 35779
122 83207
122 61919
123 82756
123 30494
124 50787
124 48977
125 24029
125 76712
126 85477
126 69354
127 50155
127 50787
128 81890
128 93060
129 59998
129 30494
130 60196
130 56373
131 14745
131 18610
132 59364
132 86231
133 18044
133 99719
134 34625
134 86314
135 20747
135 84930
136 61451
136 43002
137 11141
137 22422
138 3090
138 41354
139 14893
139 46865
140 38210
140 61919
141 84433
141 24940
142 63510
142 87510
143 65298
143 35553
144 16933
144 23471
145 88694
145 21669
146 86765
146 98682
147 96276
147 13890
148 86231
148 59379
149 68424
149 43542
150 4843
150 84433
151 23471
151 83734
152 85641
152 86765
153 3514
153 3919
154 22422
154 73408
155 88524
155 16360
156 98682
156 99641
157 37733
157 14745
158 94142
158 14146
159 75407
159 34625
160 13890
160 56912
161 73524
161 7247
162 51643
162 6278
163 16360
163 86231
164 57732
164 59999
165 30811
165 45764
166 23387
166 16360
167 31394
167 96805
168 86765
168 75407
169 85207
169 83327
170 11141
170 97530
171 96963
171 87284
172 63897
172 91001
173 67513
173 59998
174 78267
174 31394
175 32234
175 94908
176 53898
176 75593
177 74599
177 3919
178 6311
178 65276
179 84607
179 13335
180 72797
180 34625
181 71353
181 48977
182 86314
182 86314
183 26400
183 74122
184 29068
184 35563
185 7611
185 22193
186 78860
186 53552
187 59740
187 56607
188 21669
188 37491
189 84930
189 75764
190 3090
190 96401
191 45764
191 7611
192 43881
192 71007
193 5442
193 65276
194 10847
194 47107
195 79204
195 89571
196 37965
196 61451
197 20178
197 29947
198 88966
198 47490
199 19759
199 99719
200 3652
200 41394
201 21790
201 26776
202 56761
202 78104
203 49336
203 81231
204 81890
204 7823
205 48513
205 25968
206 54350
206 53898
207 26200
207 63612
208 67513
208 76568
209 36395
209 86435
210 80552
210 74599
211 22073
211 68527
212 87284
212 36923
213 35553
213 7221
214 76775
214 86841
215 66939
215 94310
216 43598
216 23387
217 20642
217 18073
218 67129
218 88524
219 19135
219 22193
220 80687
220 36886
221 49259
221 21782
222 60617
222 90582
223 52221
223 72415
224 47107
224 41354
225 49579
225 86435
226 69582
226 75279
227 7221
227 2052
228 36395
228 80056
229 72253
229 46701
230 99471
230 93113
231 33076
231 86328
232 20747
232 15060
233 65276
233 71353
234 79496
234 18869
235 80056
235 11039
236 59168
236 39653
237 62326
237 3652
238 81404
238 84930
239 18605
239 56821
240 14146
240 61919
241 14538
241 17305
242 36886
242 41332
243 63897
243 41332
244 16225
244 76712
245 72415
245 11039
246 37406
246 82756
247 26776
247 99719
248 74329
248 97567
249 52949
249 9898
250 15175
250 90873
251 39053
251 28100
252 87510
252 77470
253 41354
253 78784
254 73391
254 85859
255 65839
255 16933
256 26780
256 20696
257 9074
257 24514
258 3146
258 21790
259 1676
259 75909
260 91569
260 59576
261 63283
261 37491
262 13617
262 59998
263 35918
263 79894
264 16905
264 54959
265 63283
265 51650
266 33247
266 71647
267 66511
267 47731
268 48513
268 11789
269 83801
269 67513
270 80552
270 99239
271 60822
271 21697
272 10847
272 75593
273 32234
273 62806
274 29650
274 9848
275 41950
275 16918
276 29303
276 69914
277 85207
277 61451
278 90417
278 81404
279 67129
279 21697
280 75279
280 5442
281 44899
281 87284
282 63705
282 57318
283 99571
283 78860
284 37965
284 53748
285 82858
285 87785
286 56482
286 88687
287 20178
287 46865
288 80056
288 28100
289 84860
289 26894
290 43542
290 68428
291 43044
291 37999
292 84433
292 5442
293 89571
293 82756
294 54959
294 59168
295 11254
295 23471
296 39653
296 11716
297 46865
297 26400
298 46814
298 53816
299 83734
299 2439
300 75901
300 68527
301 98368
301 74122
302 86231
302 83327
303 76712
303 99313
304 83727
304 41799
305 23598
305 83687
306 76712
306 82308
307 16918
307 5583
308 92544
308 63861
309 16398
309 26860
310 68424
310 86841
311 4843
311 33247
312 50787
312 11716
313 21514
313 94074
314 4793
314 50284
315 24029
315 99641
316 91470
316 52794
317 38210
317 2373
318 86332
318 23555
319 76410
319 54959
320 34376
320 99389
321 3919
321 74599
322 41332
322 7611
323 97567
323 63705
324 2052
324 41950
325 68527
325 63705
326 82574
326 18632
327 62102
327 89752
328 41692
328 33076
329 96328
329 30582
330 52794
330 29068
331 29650
331 80687
332 97699
332 99471
333 3652
333 52794
334 63283
334 11141
335 28402
335 65839
336 61446
336 2891
337 30905
337 26780
338 12063
338 19135
339 39053
339 44844
340 80820
340 55645
341 41332
341 62070
342 48331
342 96328
343 73041
343 29947
344 35781
344 63612
345 20713
345 91569
346 85451
346 51650
347 83983
347 75705
348 65427
348 14745
349 29303
349 37406
350 73041
350 56452
351 28574
351 98682
352 33401
352 74690
353 99571
353 32485
354 49259
354 56452
355 63283
355 49336
356 7611
356 8779
357 20747
357 33076
358 23387
358 49336
359 56452
359 68527
360 81743
360 84930
361 77470
361 21681
362 11141
362 22771
363 91646
363 2373
364 59379
364 78267
365 36886
365 63510
366 83475
366 18044
367 34376
367 59168
368 20642
368 55645
369 56537
369 30593
370 87732
370 95886
371 74061
371 79204
372 23471
372 10231
373 26400
373 56761
374 6154
374 31464
375 80687
375 35779
376 51650
376 16398
377 68424
377 48977
378 20699
378 57465
379 96420
379 48202
380 73391
380 3061
381 1676
381 21782
382 62102
382 63109
383 57318
383 71993
384 36395
384 30582
385 81743
385 88594
386 83327
386 88966
387 2767
387 99694
388 78860
388 99571
389 97530
389 82548
390 56356
390 7221
391 56761
391 19759
392 38883
392 9848
393 93684
393 76772
394 74061
394 24940
395 76351
395 2052
396 29947
396 53748
397 85859
397 76945
398 5442
398 26780
399 81214
399 83207
400 46865
400 62326
401 91843
401 3152
402 20713
402 88087
403 61446
403 87785
404 36831
404 47731
405 3146
405 36970
406 75764
406 24121
407 16918
407 53161
408 34625
408 21697
409 24567
409 15268
410 1504
410 76351
411 29186
411 60196
412 33401
412 53161
413 66939
413 88524
414 37491
414 1029
415 78860
415 3514
416 23598
416 6989
417 77470
417 49541
418 29747
418 62326
419 90873
419 46814
420 81231
420 13809
421 52794
421 3514
422 38298
422 85451
423 55169
423 35745
424 75279
424 95340
425 81214
425 59364
426 96805
426 52794
427 80091
427 72797
428 52949
428 32485
429 91569
429 21782
430 6311
430 6154
431 39653
431 79828
432 32234
432 72797
433 65394
433 88839
434 15060
434 80091
435 13335
435 88087
436 44899
436 75909
437 81231
437 81241
438 30494
438 61451
439 1504
439 57082
440 74061
440 76772
441 89752
441 79894
442 87788
442 81241
443 9848
443 55645
444 99389
444 81890
445 56482
445 74329
446 81890
446 34625
447 30811
447 13809
448 43598
448 97530
449 18306
449 69914
450 37406
450 52949
451 44844
451 76568
452 14819
452 11789
453 43044
453 12119
454 28574
454 11789
455 87785
455 56821
456 86332
456 90582
457 82161
457 39653
458 88687
458 274
459 52221
459 71227
460 31464
460 82966
461 37789
461 34625
462 99313
462 18306
463 75407
463 35781
464 26780
464 26894
465 82858
465 99471
466 57969
466 11789
467 53748
467 81404
468 29947
468 99694
469 6493
469 20696
470 80247
470 39468
471 56452
471 39468
472 86314
472 86231
473 50554
473 56607
474 87886
474 43542
475 36542
475 92405
476 67513
476 7823
477 73408
477 2052
478 79894
478 6188
479 21669
479 79828
480 92405
480 15060
481 41950
481 63612
482 83207
482 86327
483 60196
483 48331
484 2439
484 76568
485 50155
485 86905
486 11789
486 26894
487 57732
487 36886
488 53613
488 71227
489 18869
489 81214
490 16398
490 62806
491 20642
491 39411
492 53816
492 86905
493 15175
493 72415
494 61446
494 48004
495 96276
495 57465
496 8779
496 78835
497 54350
497 87732
498 78139
498 57465
499 86314
499 89752
500 53552
500 35918
501 9074
501 74122
502 62102
502 57318
503 53552
503 21721
504 86328
504 46865
505 90873
505 58827
506 44736
506 36970
507 28574
507 83687
508 48189
508 78267
509 11716
509 47490
510 93060
510 60617
511 90582
511 68527
512 31464
512 29068
513 14893
513 57318
514 73524
514 62326
515 35781
515 26894
516 21697
516 41944
517 35553
517 72797
518 86435
518 96328
519 73408
519 13275
520 56356
520 26200
521 90160
521 22073
522 90417
522 84607
523 30593
523 91646
524 56971
524 16360
525 13617
525 75279
526 87284
526 52221
527 75909
527 11789
528 79415
528 7247
529 69582
529 91569
530 85207
530 55133
531 94292
531 87732
532 86765
532 18605
533 94310
533 16360
534 3146
534 13275
535 11789
535 12029
536 90582
536 82574
537 41950
537 16236
538 18073
538 6188
539 63861
539 2439
540 54959
540 5583
541 26894
541 81241
542 52794
542 10847
543 9074
543 50155
544 49541
544 72253
545 86231
545 99719
546 50284
546 90417
547 34376
547 6154
548 61446
548 40366
549 43881
549 52949
550 71647
550 90417
551 78403
551 66511
552 66939
552 78860
553 97567
553 71647
554 62102
554 88966
555 83687
555 9898
556 78139
556 99239
557 82308
557 59999
558 10231
558 43542
559 38883
559 86905
560 43598
560 73041
561 36542
561 58122
562 48513
562 1676
563 71993
563 81789
564 9074
564 71007
565 80247
565 48513
566 18073
566 16225
567 18869
567 62326
568 12119
568 48202
569 66939
569 15204
570 76712
570 23598
571 51302
571 65276
572 75764
572 21681
573 29354
573 29068
574 83727
574 39653
575 36970
575 79204
576 88087
576 81789
577 80820
577 50284
578 30593
578 26860
579 23463
579 22073
580 12029
580 36542
581 76712
581 71852
582 20713
582 79828
583 87732
583 37406
584 76712
584 63861
585 44736
585 72253
586 26860
586 78267
587 71007
587 12029
588 14538
588 59885
589 91470
589 90873
590 65920
590 49259
591 92544
591 13809
592 21805
592 36831
593 88087
593 43598
594 25968
594 59790
595 56452
595 84860
596 35563
596 61919
597 4793
597 15175
598 96963
598 43881
599 87785
599 41234
600 41772
600 14146
601 21681
601 54350
602 82574
602 65298
603 80598
603 78403
604 82858
604 28986
605 99694
605 12029
606 6278
606 15268
607 73391
607 12759
608 81789
608 68424
609 19043
609 16918
610 14819
610 80552
611 60196
611 78267
612 18610
612 62806
613 78835
613 76410
614 56761
614 71647
615 19220
615 12063
616 37789
616 34625
617 33401
617 47730
618 73041
618 23286
619 3061
619 38883
620 87510
620 24514
621 53613
621 77470
622 29303
622 82308
623 16398
623 3514
624 16225
624 54350
625 59999
625 61919
626 93607
626 19135
627 68428
627 99694
628 28100
628 76351
629 80552
629 46865
630 98368
630 85938
631 21782
631 19759
632 62326
632 65394
633 1676
633 37477
634 61220
634 37491
635 66939
635 65394
636 59588
636 88087
637 91470
637 53994
638 85641
638 31394
639 29747
639 50155
640 83687
640 93860
641 86841
641 41799
642 2767
642 92544
643 19135
643 76712
644 41799
644 87284
645 86841
645 21697
646 69772
646 10231
647 43542
647 93113
648 83734
648 56607
649 37999
649 10947
650 81890
650 84607
651 94142
651 93113
652 70049
652 26400
653 66939
653 91646
654 30811
654 73041
655 50284
655 80247
656 20178
656 58383
657 7611
657 57969
658 30488
658 85207
659 43002
659 75764
660 51643
660 65920
661 18073
661 83327
662 82548
662 12029
663 5442
663 9898
664 52221
664 39468
665 47731
665 78784
666 30494
666 34774
667 87788
667 2439
668 86332
668 53994
669 88087
669 51650
670 80091
670 28100
671 76351
671 49541
672 93060
672 4793
673 18044
673 33076
674 16933
674 69914
675 99239
675 91001
676 99313
676 58592
677 57732
677 91470
678 85477
678 13335
679 51289
679 83727
680 24514
680 82858
681 56452
681 18306
682 49591
682 11716
683 30905
683 71993
684 20699
684 55645
685 1029
685 91646
686 24567
686 35781
687 86332
687 18605
688 38883
688 38373
689 61451
689 29947
690 7247
690 5063
691 21697
691 58827
692 79415
692 47972
693 16933
693 81231
694 80687
694 80598
695 47972
695 14538
696 57969
696 67513
697 66939
697 52794
698 51337
698 45718
699 26776
699 51337
700 82548
700 15060
701 59588
701 13275
702 76410
702 5063
703 74061
703 3514
704 79894
704 37987
705 72797
705 93060
706 44844
706 29354
707 29947
707 35553
708 36923
708 89752
709 13809
709 94074
710 38298
710 70049
711 11789
711 99694
712 5442
712 82756
713 14146
713 62123
714 28574
714 35779
715 44099
715 47730
716 83687
716 30593
717 55133
717 85641
718 14819
718 96420
719 53161
719 71993
720 85477
720 85477
721 90160
721 53614
722 66217
722 68424
723 1676
723 59168
724 95340
724 93684
725 51643
725 78860
726 85641
726 96963
727 16236
727 81789
728 75764
728 91646
729 37477
729 13335
730 91470
730 53613
731 60617
731 32234
732 24121
732 57465
733 87788
733 16918
734 86332
734 59885
735 10847
735 24029
736 75705
736 35553
737 38298
737 24514
738 84860
738 63612
739 59740
739 82161
740 80056
740 99641
741 74158
741 32485
742 65920
742 85207
743 80687
743 26780
744 63861
744 61919
745 65839
745 46814
746 71353
746 71852
747 78139
747 59379
748 58834
748 56482
749 96401
749 87788
750 6989
750 5063
751 47730
751 15268
752 44736
752 21681
753 86905
753 83475
754 75279
754 48202
755 38210
755 41332
756 37987
756 34171
757 35174
757 18587
758 54959
758 21669
759 4793
759 56971
760 81231
760 80552
761 25968
761 69354
762 29303
762 41772
763 28574
763 32526
764 43881
764 96276
765 91646
765 86328
766 3652
766 18869
767 35563
767 41261
768 47972
768 65298
769 35779
769 88839
770 99571
770 83734
771 51337
771 97567
772 6989
772 63897
773 76775
773 48331
774 91843
774 68428
775 21805
775 15175
776 21514
776 75705
777 21782
777 34774
778 79894
778 76712
779 35779
779 31464
780 69772
780 79350
781 86314
781 55645
782 82756
782 85477
783 59999
783 76945
784 32526
784 75279
785 28574
785 99719
786 44099
786 56761
787 22771
787 57082
788 23463
788 78860
789 2891
789 92544
790 56912
790 2052
791 14893
791 54959
792 16918
792 53748
793 23286
793 82161
794 30593
794 9074
795 76568
795 85462
796 38298
796 23387
797 95886
797 29186
798 46865
798 56356
799 37477
799 35781
800 21790
800 83801
801 30593
801 52221
802 57969
802 61451
803 93060
803 86841
804 93607
804 68424
805 56607
805 9848
806 62123
806 43881
807 46701
807 36542
808 3152
808 48977
809 59885
809 55133
810 76410
810 274
811 29354
811 86327
812 16225
812 21669
813 48331
813 99719
814 12063
814 75705
815 99313
815 63705
816 6493
816 57465
817 13335
817 58827
818 29068
818 62326
819 92544
819 59588
820 89571
820 82914
821 48004
821 51643
822 65298
822 70049
823 26563
823 71647
824 49579
824 16918
825 21514
825 9074
826 30494
826 81231
827 86332
827 73041
828 62102
828 22411
829 29303
829 29068
830 44668
830 16236
831 30494
831 73391
832 86765
832 60196
833 84930
833 4793
834 49177
834 41950
835 39653
835 86435
836 99694
836 97567
837 10947
837 48977
838 29186
838 48513
839 20699
839 86332
840 96328
840 85859
841 85207
841 39674
842 59588
842 55133
843 26776
843 81890
844 53898
844 28402
845 88694
845 46865
846 92544
846 15175
847 85477
847 21669
848 87788
848 91843
849 48513
849 29186
850 41354
850 75407
851 10847
851 81214
852 15175
852 3514
853 82858
853 86765
854 85207
854 58827
855 29650
855 3919
856 85477
856 48331
857 23286
857 79496
858 99719
858 76568
859 26780
859 76410
860 32526
860 21697
861 96805
861 83983
862 62102
862 22422
863 46701
863 45764
864 30593
864 15060
865 44736
865 79415
866 43002
866 85641
867 80598
867 10947
868 36542
868 41354
869 24940
869 56373
870 18044
870 22771
871 15060
871 93607
872 11039
872 76712
873 90160
873 93684
874 39653
874 94292
875 85938
875 85477
876 5583
876 37965
877 66217
877 75909
878 81404
878 81231
879 80247
879 3514
880 60196
880 41692
881 68424
881 94074
882 31394
882 26400
883 83727
883 72415
884 17305
884 83687
885 52794
885 35174
886 97699
886 6278
887 74122
887 22193
888 13890
888 33401
889 58592
889 87886
890 86327
890 43535
891 51643
891 38373
892 97530
892 36923
893 49336
893 51289
894 26400
894 87732
895 56607
895 48004
896 99471
896 92544
897 80207
897 79894
898 21697
898 47490
899 48331
899 31394
900 99719
900 14538
901 23463
901 58827
902 30426
902 53614
903 79350
903 4843
904 19220
904 24940
905 23387
905 62123
906 6188
906 38883
907 61446
907 53161
908 48977
908 16360
909 59999
909 85641
910 17305
910 99239
911 84757
911 75593
912 52949
912 48331
913 56373
913 98682
914 18044
914 39468
915 82574
915 56537
916 47731
916 61446
917 37733
917 29303
918 33401
918 75705
919 36831
919 11000
920 16236
920 48331
921 88966
921 21697
922 39468
922 70344
923 77470
923 21681
924 44899
924 46814
925 26400
925 26563
926 1676
926 63612
927 94292
927 78860
928 6154
928 55133
929 28100
929 50030
930 99719
930 63283
931 74559
931 88839
932 92405
932 23387
933 39053
933 76410
934 43881
934 88839
935 30426
935 53613
936 91569
936 53613
937 30494
937 66511
938 28986
938 6989
939 79415
939 58834
940 12759
940 22771
941 36542
941 81789
942 86765
942 83207
943 56126
943 74599
944 23598
944 57318
945 41944
945 75764
946 73408
946 65427
947 62326
947 66217
948 53613
948 30905
949 51302
949 54289
950 14819
950 93113
951 76775
951 67129
952 95886
952 95886
953 36542
953 93607
954 71227
954 29354
955 56482
955 62102
956 78860
956 62326
957 13809
957 65427
958 53898
958 76772
959 58122
959 38883
960 54959
960 75909
961 26776
961 65394
962 83207
962 49541
963 81214
963 14893
964 20713
964 35563
965 31464
965 81789
966 13335
966 57082
967 54959
967 16236
968 59790
968 83687
969 46865
969 6278
970 57465
970 58122
971 82161
971 59790
972 80207
972 30593
973 86435
973 7247
974 35779
974 28100
975 9898
975 15268
976 20747
976 36542
977 44668
977 73041
978 92405
978 86332
979 33401
979 29650
980 85641
980 9074
981 76568
981 2373
982 56607
982 3061
983 13275
983 47730
984 22193
984 94292
985 58827
985 2052
986 58383
986 55133
987 18869
987 81789
988 11254
988 69914
989 71852
989 30334
990 32485
990 93607
991 44668
991 87284
992 81890
992 90873
993 29068
993 76775
994 94292
994 87732
995 81404
995 65298
996 6188
996 50787
997 13275
997 56607
998 40366
998 20642
999 66511
999 87788
0 2
1 2
2 2
3 2
4 2
5 2
6 2
7 2
8 2
9 2
10 2
11 2
12 2
13 2
14 2
15 2
16 2
17 2
18 2
19 2
20 2
21 2
22 2
23 2
24 2
25 2
26 2
27 2
28 2
29 2
30 2
31 2
32 2
33 2
34 2
35 2
36 2
37 2
38 2
39 2
40 2
41 2
42 2
43 2
44 2
45 2
46 2
47 2
48 2
49 2
50 2
51 2
52 2
53 2
54 2
55 2
56 2
57 2
58 2
59 2
60 2
61 2
62 2
63 2
64 2
65 2
66 2
67 2
68 2
69 2
70 2
71 2
72 2
73 2
74 2
75 2
76 2
77 2
78 2
79 2
80 2
81 2
82 2
83 2
84 2
85 2
86 2
87 2
88 2
89 2
90 2
91 2
92 2
93 2
94 2
95 2
96 2
97 2
98 2
99 2
100 2
101 2
102 2
103 2
104 2
105 2
106 2
107 2
108 2
109 2
110 2
111 2
112 2
113 2
114 2
115 2
116 2
117 2
118 2
119 2
120 2
121 2
122 2
123 2
124 2
125 2
126 2
127 2
128 2
129 2
130 2
131 2
132 2
133 2
134 2
135 2
136 2
137 2
138 2
139 2
140 2
141 2
142 2
143 2
144 2
145 2
146 2
147 2
148 2
149 2
150 2
151 2
152 2
153 2
154 2
155 2
156 2
157 2
158 2
159 2
160 2
161 2
162 2
163 2
164 2
165 2
166 2
167 2
168 2
169 2
170 2
171 2
172 2
173 2
174 2
175 2
176 2
177 2
178 2
179 2
180 2
181 2
182 2
183 2
184 2
185 2
186 2
187 2
188 2
189 2
190 2
191 2
192 2
193 2
194 2
195 2
196 2
197 2
198 2
199 2
200 2
201 2
202 2
203 2
204 2
205 2
206 2
207 2
208 2
209 2
210 2
211 2
212 2
213 2
214 2
215 2
216 2
217 2
218 2
219 2
220 2
221 2
222 2
223 2
224 2
225 2
226 2
227 2
228 2
229 2
230 2
231 2
232 2
233 2
234 2
235 2
236 2
237 2
238 2
239 2
240 2
241 2
242 2
243 2
244 2
245 2
246 2
247 2
248 2
249 2
250 2
251 2
252 2
253 2
254 2
255 2
256 2
257 2
258 2
259 2
260 2
261 2
262 2
263 2
264 2
265 2
266 2
267 2
268 2
269 2
270 2
271 2
272 2
273 2
274 2
275 2
276 2
277 2
278 2
279 2
280 2
281 2
282 2
283 2
284 2
285 2
286 2
287 2
288 2
289 2
290 2
291 2
292 2
293 2
294 2
295 2
296 2
297 2
298 2
299 2
300 2
301 2
302 2
303 2
304 2
305 2
306 2
307 2
308 2
309 2
310 2
311 2
312 2
313 2
314 2
315 2
316 2
317 2
318 2
319 2
320 2
321 2
322 2
323 2
324 2
325 2
326 2
327 2
328 2
329 2
330 2
331 2
332 2
333 2
334 2
335 2
336 2
337 2
338 2
339 2
340 2
341 2
342 2
343 2
344 2
345 2
346 2
347 2
348 2
349 2
350 2
351 2
352 2
353 2
354 2
355 2
356 2
357 2
358 2
359 2
360 2
361 2
362 2
363 2
364 2
365 2
366 2
367 2
368 2
369 2
370 2
371 2
372 2
373 2
374 2
375 2
376 2
377 2
378 2
379 2
380 2
381 2
382 2
383 2
384 2
385 2
386 2
387 2
388 2
389 2
390 2
391 2
392 2
393 2
394 2
395 2
396 2
397 2
398 2
399 2
400 2
401 2
402 2
403 2
404 2
405 2
406 2
407 2
408 2
409 2
410 2
411 2
412 2
413 2
414 2
415 2
416 2
417 2
418 2
419 2
420 2
421 2
422 2
423 2
424 2
425 2
426 2
427 2
428 2
429 2
430 2
431 2
432 2
433 2
434 2
435 2
436 2
437 2
438 2
439 2
440 2
441 2
442 2
443 2
444 2
445 2
446 2
447 2
448 2
449 2
450 2
451 2
452 2
453 2
454 2
455 2
456 2
457 2
458 2
459 2
460 2
461 2
462 2
463 2
464 2
465 2
466 2
467 2
468 2
469 2
470 2
471 2
472 2
473 2
474 2
475 2
476 2
477 2
478 2
479 2
480 2
481 2
482 2
483 2
484 2
485 2
486 2
487 2
488 2
489 2
490 2
491 2
492 2
493 2
494 2
495 2
496 2
497 2
498 2

0 0 0